1 420 278
2 421 40
3 29 178
4 350 47
5 298 201
6 417 186
7 378 134
8 447 239
9 42 114
10  45 199
11  362 195
12  381 243
13  429 1
14  338 209
15  176 9
16  364 26
17  326 182
18  500 129
19  190 51
20  489 103
21  368 142
22  132 260
23  305 200
24  446 137
25  375 154
26  440 190
27  9 118
28  437 32
29  383 266
30  282 51
31  366 19
32  465 173
33  93 210
34  257 185
35  316 242
36  315 141
37  236 14
38  352 155
39  311 106
40  300 261
41  66 154
42  172 245
43  376 16
44  152 283
45  41 259
46  278 158
47  299 102
48  81 178
49  178 218
50  344 150
51  269 172
52  379 710
53  301 611
54  287 295
55  392 258
56  259 333
57  427 273
58  411 233
59  355 707
60  439 717
61  298 390
62  338 547
63  407 697
64  287 220
65  355 524
66  365 228
67  257 632
68  294 395
69  315 626
70  275 268
71  346 724
72  324 230
73  436 310
74  279 240
75  317 601
76  274 661
77  294 483
78  350 234
79  328 689
80  656 765
81  778 792
82  724 797
83  686 723
84  784 785
85  730 756
86  775 731
87  777 647
88  881 498
89  634 906
90  588 709
91  884 867
92  837 670
93  513 477
94  414 794
95  387 798
96  430 587
97  638 18
98  26 497
99  721 765
100 595 706
101 985 962
102 619 125
103 106 252
104 198 104
105 554 91
106 11 875
107 757 386
108 378 253
109 719 878
110 561 969
111 36 821
112 179 442
113 31 814
114 710 103
115 8 168
116 401 304
117 913 921
118 983 250
119 100 727
120 0 425
121 114 900
122 337 977
123 709 808
124 107 435
125 442 488
126 68 42
127 826 967
128 771 399
129 460 831
130 520 83
131 530 406
132 727 406
133 58 195
134 732 240
135 512 974
136 438 366
137 184 954
138 423 905
139 549 923
140 433 292
141 395 237
142 764 73
143 698 503
144 146 536
145 200 211
146 48 38
147 31 39
148 60 37
149 41 38
150 71 37
151 54 39
152 23 35
153 73 38
154 67 33
155 45 39
156 47 34
157 69 30
158 39 34
159 52 38
160 28 30
161 949 892
162 959 909
163 966 930
164 993 923
165 925 887
166 946 888
167 998 951
168 931 894
169 966 839
170 959 812
171 986 965
172 946 979
173 927 800
174 979 803
175 987 980
176 983 975
177 993 858
178 936 851
179 998 912
180 993 939
181 997 916
182 1000 832
183 975 898
184 919 882
185 916 883
186 980 974
187 975 902
188 996 808
189 999 864
190 991 829
191 995 985
192 982 926
193 13 690
194 23 525
195 10 864
196 15 283
197 2 149
198 3 580
199 8 299
200 16 361
